1 1 1
1 100 119
1 200 125
1 300 128
1 400 144
1 500 144
1 600 144
1 700 145
1 800 171
1 900 179
1 1000 179
1000 1 179
900 1 179
800 1 171
700 1 145
600 1 144
500 1 144
400 1 144
300 1 128
200 1 125
100 1 119
1 10 20
10 1 20
100 200 125
200 100 125
200 300 128
300 200 128
900 1000 174
1000 900 174
100000 200000 383
200000 100000 383
300000 400000 441
400000 300000 441
500000 600000 470
600000 500000 470
700000 800000 504
800000 700000 504
737798 689849 504
689849 737798 504
784432 914614 525
914614 784432 525
555321 120454 470
120454 555321 470
94493 864858 525
864858 94493 525
447032 857304 525
857304 447032 525
759443 292266 509
292266 759443 509
746295 472334 509
472334 746295 509
695146 757232 504
757232 695146 504
763869 441395 509
441395 763869 509
635755 607056 509
607056 635755 509
513821 977254 525
977254 513821 525
196543 600000 470
600000 196543 470
458703 368412 449
368412 531632 470
531632 851496 525
851496 972449 507
972449 851496 507
544192 85996 470
85996 544192 470
776662 989659 525
989659 587369 525
506093 377478 449
377478 506093 449
724607 953922 525
953922 724607 525
748469 414642 509
414642 748469 509
506232 438035 444
507361 221469 449
495545 596287 470
339285 295214 384
606012 427045 470
153169 283515 443
727351 345694 509
993944 238206 525
892333 302850 525
858122 374464 525
60087 616062 470
732884 186264 509
474164 111097 449
467256 757067 509
635648 800739 504
786531 765788 468
95220 599573 470
860788 15839 525
611226 5636 470
366996 95564 443
170454 54163 383
933766 684235 525
668010 538451 509
237137 475961 449
