1 10 20
100 200 125
201 210 89
900 1000 174
10 20 21
20 30 112
30 40 107
40 50 110
50 60 113
60 70 108
70 80 116
80 90 111
90 100 119
1 100 119
10 100 119
20 100 119
30 100 119
40 100 119
50 100 119
60 100 119
70 100 119
80 100 119
90 100 119
10 1 20
200 100 125
210 201 89
1000 900 174
20 10 21
30 20 112
40 30 107
50 40 110
60 50 113
70 60 108
80 70 116
90 80 111
100 90 119
100 1 119
100 10 119
100 20 119
100 30 119
100 40 119
100 50 119
100 60 119
100 70 119
100 80 119
100 90 119
1 1 1
2 2 2
24 95 116
48 143 122
72 191 125
96 239 128
120 287 128
144 335 144
312 671 145
336 719 171
360 767 171
384 815 171
408 863 171
432 911 179
456 959 179
480 1007 179
504 1055 179
528 1103 179
552 1151 179
576 1199 182
600 1247 182
624 1295 182
648 1343 182
672 1391 182
384 887 179
778 916 179
794 336 171
387 493 142
650 422 145
363 28 144
691 60 145
764 927 179
541 427 142
173 737 171
212 369 144
568 430 142
783 531 171
863 124 171
68 136 122
930 803 179
23 59 113
70 168 122
394 457 134
12 43 112
230 374 144
422 920 179
785 538 171
199 325 131
316 371 144
414 527 142
92 981 179
957 874 174
863 171 171
997 282 179
306 926 179
85 328 144
337 506 142
847 730 153
314 858 171
125 896 179
583 546 137
815 368 171
435 365 134
44 751 171
88 809 171
277 179 128
789 585 171
404 652 145
755 400 171
933 61 179
677 369 145
740 13 171
227 587 144
95 540 144
796 571 171
435 379 134
468 602 142
98 903 179
318 493 144
653 757 171
302 281 118
287 442 144
866 690 171
445 620 142
441 730 171
32 118 119
